Time
Pressure
Thrust
Cf
(sec.)
(psi)
(lbf)

0.00
0
0.5

0.01
3
0.5
1.25
0.02
4
0.6
1.32
0.03
5
0.8
1.52
0.04
7
1.2
1.45
0.05
8
1.2
1.32
0.06
10
1.2
1.05
0.07
11
1.7
1.33
0.08
12
1.9
1.42
0.09
14
2.6
1.53
0.10
18
3.6
1.71
0.11
23
4.6
1.72
0.12
32
7.1
1.91
0.13
50
15.5
2.67
0.14
79
26.5
2.86
0.15
118
37.4
2.71
0.16
164
46.1
2.40
0.17
215
54.4
2.16
0.18
271
63.6
2.01
0.19
328
72.3
1.88
0.20
389
81.0
1.78
0.21
446
88.3
1.69
0.22
499
95.6
1.64
0.23
544
101.6
1.60
0.24
581
107.2
1.58
0.25
610
111.6
1.56
0.26
633
115.2
1.56
0.27
653
118.8
1.56
0.28
671
123.0
1.57
0.29
687
125.3
1.56
0.30
699
127.3
1.56
0.31
708
127.9
1.54
0.32
715
130.3
1.56
0.33
723
131.2
1.55
0.34
728
132.7
1.56
0.35
734
134.9
1.57
0.36
741
136.0
1.57
0.37
745
136.7
1.57
0.38
746
137.4
1.57
0.39
751
138.4
1.58
0.40
752
140.0
1.59
0.41
756
140.3
1.59
0.42
758
140.1
1.58
0.43
760
141.2
1.59
0.44
766
143.3
1.60
0.45
772
143.4
1.59
0.46
772
142.9
1.58
0.47
773
143.5
1.59
0.48
775
143.8
1.59
0.49
777
144.5
1.59
0.50
779
144.8
1.59
0.51
780
145.5
1.59
0.52
783
145.5
1.59
0.53
783
145.5
1.59
0.54
783
145.9
1.59
0.55
785
146.0
1.59
0.56
785
145.8
1.59
0.57
784
146.0
1.59
0.58
784
145.7
1.59
0.59
785
146.2
1.59
0.60
786
146.4
1.59
0.61
786
146.0
1.59
0.62
788
146.9
1.59
0.63
791
146.5
1.58
0.64
790
146.2
1.58
0.65
791
147.3
1.59
0.66
794
147.1
1.58
0.67
794
146.8
1.58
0.68
794
147.3
1.59
0.69
797
148.1
1.59
0.70
796
147.5
1.58
0.71
795
147.7
1.59
0.72
795
147.2
1.58
0.73
793
146.7
1.58
0.74
792
146.0
1.58
0.75
790
145.7
1.58
0.76
787
145.6
1.58
0.77
788
145.2
1.57
0.78
787
144.8
1.57
0.79
787
145.2
1.58
0.80
788
145.1
1.57
0.81
789
145.6
1.58
0.82
791
145.8
1.57
0.83
791
146.0
1.58
0.84
791
145.1
1.57
0.85
788
145.4
1.58
0.86
788
144.7
1.57
0.87
785
144.0
1.57
0.88
783
143.3
1.56
0.89
781
143.4
1.57
0.90
778
142.2
1.56
0.91
772
140.6
1.56
0.92
771
141.0
1.56
0.93
772
142.0
1.57
0.94
773
141.2
1.56
0.95
771
140.4
1.56
0.96
765
138.9
1.55
0.97
759
136.7
1.54
0.98
752
136.4
1.55
0.99
747
135.2
1.55
1.00
741
133.8
1.54
1.01
735
133.0
1.55
1.02
732
131.6
1.54
1.03
725
130.7
1.54
1.04
716
128.2
1.53
1.05
705
125.8
1.52
1.06
691
122.9
1.52
1.07
675
117.5
1.49
1.08
651
111.5
1.46
1.09
624
106.3
1.46
1.10
595
100.1
1.44
1.11
563
91.0
1.38
1.12
526
82.9
1.35
1.13
490
75.2
1.31
1.14
455
68.0
1.28
1.15
423
63.3
1.28
1.16
395
58.6
1.27
1.17
371
54.8
1.26
1.18
348
49.0
1.21
1.19
324
43.2
1.14
1.20
301
38.6
1.09
1.21
280
32.8
1.00
1.22
258
28.8
0.95
1.23
238
25.4
0.91
1.24
220
22.2
0.86
1.25
204
19.2
0.80
1.26
187
16.2
0.74
1.27
172
13.7
0.68
1.28
157
11.7
0.63
1.29
144
9.9
0.59
1.30
134
8.6
0.55
1.31
124
7.2
0.50
1.32
115
5.9
0.44
1.33
106
4.7
0.38
1.34
97
3.9
0.34
1.35
89
3.0
0.29
1.36
81
2.7
0.28
1.37
73
2.4
0.28
1.38
66
2.2
0.28
1.39
58
1.9
0.28
1.40
52
1.7
0.28
1.41
45
1.5
0.28
1.42
39
1.3
0.28
1.43
33
1.1
0.28
1.44
27
0.9
0.28
1.45
22
0.7
0.28
1.46
17
0.6
0.28
1.47
13
0.4
0.28
1.48
8
0.3
0.28
1.49
4
0.1
0.28
1.50
0
0.0

